 10
 3
 2
 9
 2
 1
 0.000000
 1.000000
5.000000
5.000000
5.000000
5.000000
5.000000
5.000000
1.663001
5.000000
-5.000000
3.593319
-5.000000
1.662436
-5.000000
0.983601
-5.000000
-0.395161
-5.000000
0.302908
-5.000000
-0.320351
-5.000000
1.070871
-5.000000
1.767699
-5.000000
0.144573
-4.062268
2.652297
-2.147240
3.620048
-0.856717
3.311574
-0.774975
4.641845
-1.101134
4.881868
-0.821815
4.703182
-1.591002
4.992048
-2.027508
4.748516
-1.707728
4.317619
-2.465217
4.509666
-2.501940
4.035026
-1.995463
3.386109
-2.532304
3.597794
-1.958018
2.658354
-1.482590
1.977318
-1.362698
1.736936
0.000000
0.000000
0.000000
0.000000
