 10
 3
 2
 9
 2
 1
181.550292
20.645139
108.184647
15.323161
48.874775
11.433915
43.578928
10.595744
1.584334
8.421034
-12.580701
6.223583
-7.155764
7.238610
-26.080274
4.090494
-28.571267
2.866009
-25.159856
4.597057
-31.368629
1.462159
-30.740126
1.882853
-29.127698
1.928650
-30.086561
2.506130
-27.212617
4.461903
-26.821698
3.958754
-24.090003
6.515406
-21.318412
8.136755
-20.956902
7.274626
-18.649014
9.768648
-16.594921
10.885694
-15.778217
8.981208
-14.696714
12.089565
-12.833466
12.276746
-10.292586
7.398561
-11.192162
12.740447
-8.493572
10.500319
-2.010247
-0.172077
-6.251734
8.909529
0.000000
0.000000
0.000000
0.000000
