 10
 3
 41
 9
 2
 1
 0.000000
 1.000000
-1.000000
0.000000
0.000000
0.000000
0.010000
0.000000
0.020000
0.000000
0.030000
0.000000
0.040000
0.000000
0.050000
0.000000
0.060000
0.000000
0.070000
0.000000
0.080000
0.000000
0.000000
-1.000000
0.000000
-0.200000
0.000000
-0.200000
0.000000
-0.200000
0.000000
-0.200000
0.000000
-0.200000
0.000000
-0.200000
0.000000
-0.200000
0.000000
-0.200000
0.000000
-0.200000
0.000000
-1.000000
-0.050000
0.000000
-0.010000
0.010000
-0.010000
0.020000
-0.010000
0.030000
-0.010000
0.040000
-0.010000
0.050000
-0.010000
0.060000
-0.010000
0.070000
-0.010000
0.080000
-0.010000
0.255704
-0.751000
-0.087862
-0.200680
-0.088066
-0.200680
-0.088283
-0.200680
-0.088510
-0.200680
-0.088748
-0.200680
-0.088994
-0.200680
-0.089247
-0.200680
-0.089508
-0.200680
-0.089773
-0.200680
0.132221
-0.948859
-0.050200
-0.017572
-0.020136
-0.007613
-0.020136
0.002343
-0.020136
0.012298
-0.020136
0.022250
-0.020136
0.032201
-0.020136
0.042151
-0.020136
0.052098
-0.020136
0.062045
-0.020136
0.513350
-0.502910
-0.176322
-0.216105
-0.176749
-0.215815
-0.177199
-0.215532
-0.177671
-0.215256
-0.178162
-0.214986
-0.178670
-0.214723
-0.179193
-0.214466
-0.179729
-0.214215
-0.180275
-0.213970
0.266001
-0.974397
-0.075115
-0.008796
-0.020314
0.001183
-0.020309
0.011161
-0.020304
0.021138
-0.020300
0.031114
-0.020295
0.041089
-0.020291
0.051064
-0.020286
0.061037
-0.020282
0.071011
-0.020278
0.512510
-0.502279
-0.178261
-0.207349
-0.178657
-0.207231
-0.179077
-0.207115
-0.179519
-0.207002
-0.179981
-0.206892
-0.180460
-0.206784
-0.180955
-0.206679
-0.181463
-0.206577
-0.181982
-0.206477
0.254484
-0.948772
-0.100229
-0.017709
-0.030681
-0.007750
-0.030670
0.002207
-0.030660
0.012162
-0.030650
0.022115
-0.030640
0.032066
-0.030630
0.042016
-0.030620
0.051964
-0.030611
0.061911
-0.030602
0.602602
-0.253073
-0.269625
-0.213441
-0.270205
-0.213215
-0.270821
-0.212994
-0.271470
-0.212779
-0.272148
-0.212570
-0.272853
-0.212365
-0.273582
-0.212165
-0.274330
-0.211970
-0.275095
-0.211780
0.370690
-0.905128
-0.075502
-0.044895
-0.042267
-0.034992
-0.042229
-0.025095
-0.042192
-0.015204
-0.042155
-0.005317
-0.042120
0.004565
-0.042085
0.014443
-0.042052
0.024318
-0.042019
0.034190
-0.041986
-0.638150
-0.282791
-0.374524
-0.227276
-0.375189
-0.226783
-0.375903
-0.226302
-0.376661
-0.225834
-0.377460
-0.225377
-0.378295
-0.224931
-0.379162
-0.224496
-0.380056
-0.224072
-0.380974
-0.223658
0.428083
-0.936318
-0.105071
-0.035984
-0.041787
-0.026061
-0.041757
-0.016143
-0.041727
-0.006230
-0.041699
0.003680
-0.041671
0.013586
-0.041644
0.023490
-0.041617
0.033390
-0.041591
0.043288
-0.041566
0.137285
-0.152342
-0.369250
-0.221671
-0.369947
-0.221294
-0.370693
-0.220926
-0.371484
-0.220568
-0.372316
-0.220218
-0.373183
-0.219877
-0.374082
-0.219544
-0.375009
-0.219219
-0.375958
-0.218902
0.453348
-0.929454
-0.112688
-0.054447
-0.052870
-0.044559
-0.052821
-0.034678
-0.052774
-0.024804
-0.052727
-0.014936
-0.052682
-0.005073
-0.052637
0.004785
-0.052594
0.014640
-0.052552
0.024490
-0.052511
-0.106228
-0.103273
-0.467377
-0.229464
-0.468205
-0.228946
-0.469095
-0.228441
-0.470041
-0.227949
-0.471039
-0.227469
-0.472081
-0.227000
-0.473164
-0.226542
-0.474282
-0.226096
-0.475429
-0.225660
0.542434
-0.971292
-0.110492
-0.092535
-0.065513
-0.082708
-0.065417
-0.072893
-0.065323
-0.063089
-0.065232
-0.053296
-0.065143
-0.043512
-0.065056
-0.033735
-0.064971
-0.023965
-0.064888
-0.014202
-0.064808
-0.352731
-0.329332
-0.576775
-0.237057
-0.577643
-0.236409
-0.578588
-0.235778
-0.579601
-0.235162
-0.580678
-0.234560
-0.581811
-0.233974
-0.582993
-0.233401
-0.584219
-0.232843
-0.585481
-0.232297
0.594349
-0.946990
-0.119984
-0.082910
-0.064730
-0.073068
-0.064648
-0.063238
-0.064569
-0.053417
-0.064491
-0.043606
-0.064415
-0.033802
-0.064341
-0.024006
-0.064269
-0.014216
-0.064199
-0.004431
-0.064130
-0.351209
-0.157441
-0.570185
-0.236552
-0.571107
-0.235914
-0.572104
-0.235292
-0.573171
-0.234685
-0.574299
-0.234093
-0.575484
-0.233515
-0.576717
-0.232951
-0.577993
-0.232400
-0.579304
-0.231862
0.616335
-0.964551
-0.127856
-0.111419
-0.076558
-0.101623
-0.076444
-0.091843
-0.076333
-0.082076
-0.076225
-0.072321
-0.076120
-0.062576
-0.076017
-0.052842
-0.075916
-0.043116
-0.075819
-0.033396
-0.075723
-0.596164
-0.173573
-0.672461
-0.243852
-0.673482
-0.243091
-0.674593
-0.242349
-0.675784
-0.241625
-0.677049
-0.240919
-0.678380
-0.240229
-0.679768
-0.239555
-0.681207
-0.238898
-0.682689
-0.238255
0.692238
-1.031102
-0.138954
-0.160384
-0.089845
-0.150654
-0.089675
-0.140946
-0.089509
-0.131257
-0.089347
-0.121585
-0.089190
-0.111930
-0.089035
-0.102288
-0.088885
-0.092658
-0.088738
-0.083038
-0.088595
-0.842621
0.088672
-0.779712
-0.249534
-0.780796
-0.248707
-0.781984
-0.247899
-0.783267
-0.247111
-0.784636
-0.246341
-0.786081
-0.245588
-0.787595
-0.244852
-0.789167
-0.244133
-0.790789
-0.243430
0.753209
-1.006632
-0.132702
-0.150239
-0.089088
-0.140499
-0.088931
-0.130779
-0.088778
-0.121077
-0.088629
-0.111391
-0.088484
-0.101720
-0.088341
-0.092062
-0.088203
-0.082416
-0.088067
-0.072778
-0.087935
-0.841738
-0.061911
-0.776186
-0.250275
-0.777298
-0.249423
-0.778514
-0.248592
-0.779823
-0.247780
-0.781218
-0.246988
-0.782689
-0.246214
-0.784227
-0.245458
-0.785824
-0.244719
-0.787470
-0.243997
0.763812
-1.048719
-0.135797
-0.189048
-0.101602
-0.179364
-0.101403
-0.169704
-0.101208
-0.160068
-0.101018
-0.150452
-0.100833
-0.140855
-0.100652
-0.131274
-0.100476
-0.121707
-0.100303
-0.112152
-0.100135
-1.087009
-0.054484
-0.879397
-0.256077
-0.880604
-0.255148
-0.881928
-0.254241
-0.883359
-0.253355
-0.884887
-0.252490
-0.886502
-0.251644
-0.888193
-0.250817
-0.889951
-0.250008
-0.891766
-0.249217
0.836812
-1.139860
-0.137407
-0.248500
-0.115276
-0.238890
-0.115019
-0.229313
-0.114767
-0.219766
-0.114522
-0.210247
-0.114283
-0.200752
-0.114049
-0.191278
-0.113820
-0.181824
-0.113597
-0.172385
-0.113379
-1.141309
0.454537
-0.980864
-0.256621
-0.982183
-0.255757
-0.983634
-0.254913
-0.985206
-0.254085
-0.986887
-0.253275
-0.988665
-0.252482
-0.990530
-0.251705
-0.992470
-0.250943
-0.994473
-0.250196
0.913174
-1.112150
-0.129790
-0.238149
-0.114608
-0.228530
-0.114361
-0.218943
-0.114120
-0.209384
-0.113884
-0.199852
-0.113654
-0.190343
-0.113429
-0.180855
-0.113210
-0.171384
-0.112995
-0.161929
-0.112786
-1.220525
0.178009
-0.980711
-0.259084
-0.982031
-0.258154
-0.983483
-0.257244
-0.985054
-0.256354
-0.986735
-0.255484
-0.988513
-0.254632
-0.990377
-0.253798
-0.992316
-0.252981
-0.994318
-0.252181
0.914762
-1.173176
-0.120890
-0.287185
-0.127562
-0.277632
-0.127269
-0.268117
-0.126982
-0.258637
-0.126702
-0.249189
-0.126428
-0.239769
-0.126161
-0.230373
-0.125900
-0.221000
-0.125645
-0.211644
-0.125395
-1.256860
0.343642
-1.081792
-0.261032
-1.083226
-0.260121
-1.084807
-0.259229
-1.086521
-0.258355
-1.088356
-0.257499
-1.090298
-0.256660
-1.092336
-0.255837
-1.094457
-0.255030
-1.096648
-0.254239
0.993082
-1.241469
-0.078863
-0.356437
-0.140906
-0.346972
-0.140570
-0.337556
-0.140241
-0.328183
-0.139919
-0.318850
-0.139605
-0.309551
-0.139298
-0.300284
-0.138998
-0.291044
-0.138703
-0.281826
-0.138416
-1.274731
0.773941
-1.176136
-0.251966
-1.177748
-0.251326
-1.179521
-0.250696
-1.181439
-0.250075
-1.183490
-0.249463
-1.185658
-0.248859
-1.187930
-0.248264
-1.190293
-0.247677
-1.192733
-0.247099
1.087604
-1.237528
-0.091015
-0.346216
-0.140528
-0.336742
-0.140194
-0.327313
-0.139867
-0.317927
-0.139548
-0.308579
-0.139236
-0.299266
-0.138931
-0.289982
-0.138633
-0.280725
-0.138342
-0.271489
-0.138057
-1.290379
0.622985
-1.179752
-0.256190
-1.181334
-0.255449
-1.183076
-0.254721
-1.184964
-0.254004
-1.186985
-0.253300
-1.189124
-0.252607
-1.191366
-0.251926
-1.193700
-0.251255
-1.196110
-0.250595
1.078222
-1.302047
-0.059866
-0.405204
-0.153337
-0.395808
-0.152966
-0.386467
-0.152603
-0.377176
-0.152248
-0.367929
-0.151901
-0.358722
-0.151562
-0.349550
-0.151230
-0.340410
-0.150905
-0.331295
-0.150586
-1.323296
0.856811
-1.277708
-0.250302
-1.279440
-0.249750
-1.281346
-0.249203
-1.283411
-0.248662
-1.285619
-0.248126
-1.287955
-0.247596
-1.290404
-0.247071
-1.292951
-0.246552
-1.295582
-0.246038
1.162805
-1.373149
0.018049
-0.483783
-0.164969
-0.474496
-0.164599
-0.465275
-0.164236
-0.456113
-0.163880
-0.447005
-0.163531
-0.437944
-0.163190
-0.428926
-0.162855
-0.419945
-0.162527
-0.410995
-0.162205
-1.504313
1.142068
-1.367364
-0.224322
-1.369366
-0.224356
-1.371553
-0.224378
-1.373907
-0.224387
-1.376412
-0.224385
-1.379052
-0.224373
-1.381811
-0.224351
-1.384672
-0.224319
-1.387619
-0.224279
1.259786
-1.372326
-0.004477
-0.473849
-0.165223
-0.464549
-0.164840
-0.455314
-0.164466
-0.446136
-0.164099
-0.437011
-0.163739
-0.427932
-0.163388
-0.418895
-0.163043
-0.409894
-0.162705
-0.400924
-0.162374
-1.423710
1.106531
-1.371209
-0.232726
-1.373165
-0.232587
-1.375307
-0.232439
-1.377617
-0.232285
-1.380081
-0.232124
-1.382680
-0.231957
-1.385398
-0.231785
-1.388221
-0.231607
-1.391131
-0.231425
1.253187
-1.443512
0.050850
-0.542409
-0.176860
-0.533208
-0.176470
-0.524079
-0.176088
-0.515017
-0.175713
-0.506015
-0.175346
-0.497066
-0.174985
-0.488165
-0.174632
-0.479305
-0.174285
-0.470480
-0.173945
-1.496579
1.316280
-1.464070
-0.214500
-1.466262
-0.214778
-1.468652
-0.215036
-1.471219
-0.215273
-1.473948
-0.215492
-1.476821
-0.215693
-1.479819
-0.215878
-1.482926
-0.216047
-1.486125
-0.216202
1.344672
-1.529271
0.148126
-0.629542
-0.184851
-0.620485
-0.184537
-0.611513
-0.184229
-0.602618
-0.183925
-0.593792
-0.183625
-0.585028
-0.183330
-0.576319
-0.183040
-0.567657
-0.182754
-0.559035
-0.182472
-1.709340
1.549508
-1.540318
-0.169672
-1.543038
-0.170789
-1.545955
-0.171860
-1.549050
-0.172888
-1.552306
-0.173875
-1.555704
-0.174824
-1.559225
-0.175738
-1.562853
-0.176617
-1.566569
-0.177465
1.460755
-1.524316
0.127543
-0.619979
-0.186230
-0.610904
-0.185882
-0.601911
-0.185540
-0.592995
-0.185203
-0.584147
-0.184872
-0.575360
-0.184547
-0.566627
-0.184227
-0.557940
-0.183912
-0.549294
-0.183602
-1.626058
1.525469
-1.547735
-0.182165
-1.550327
-0.183072
-1.553121
-0.183938
-1.556098
-0.184767
-1.559240
-0.185560
-1.562528
-0.186320
-1.565943
-0.187049
-1.569468
-0.187748
-1.573085
-0.188419
1.450353
-1.605618
0.203816
-0.697366
-0.195338
-0.688420
-0.195035
-0.679567
-0.194737
-0.670800
-0.194442
-0.662109
-0.194150
-0.653486
-0.193863
-0.644924
-0.193579
-0.636414
-0.193299
-0.627948
-0.193023
-1.705741
1.679302
-1.630355
-0.149943
-1.633359
-0.151460
-1.636571
-0.152919
-1.639971
-0.154324
-1.643537
-0.155677
-1.647252
-0.156981
-1.651097
-0.158240
-1.655051
-0.159456
-1.659097
-0.160630
1.559007
-1.702858
0.310856
-0.791276
-0.198002
-0.782543
-0.197867
-0.773914
-0.197730
-0.765379
-0.197591
-0.756930
-0.197452
-0.748558
-0.197311
-0.740252
-0.197170
-0.732004
-0.197028
-0.723804
-0.196886
-1.878077
1.855695
-1.684745
-0.094301
-1.688581
-0.096611
-1.692616
-0.098843
-1.696829
-0.101003
-1.701201
-0.103094
-1.705712
-0.105121
-1.710344
-0.107086
-1.715077
-0.108995
-1.719892
-0.110849
1.728888
-1.696434
0.295849
-0.782544
-0.200834
-0.773776
-0.200641
-0.765112
-0.200447
-0.756542
-0.200254
-0.748057
-0.200062
-0.739648
-0.199870
-0.731305
-0.199678
-0.723020
-0.199488
-0.714783
-0.199298
-1.812023
1.824186
-1.698247
-0.106156
-1.701878
-0.108356
-1.705714
-0.110481
-1.709735
-0.112533
-1.713921
-0.114519
-1.718252
-0.116441
-1.722709
-0.118303
-1.727272
-0.120108
-1.731922
-0.121860
1.701789
-1.787035
0.387058
-0.867456
-0.206142
-0.858870
-0.206058
-0.850397
-0.205971
-0.842029
-0.205881
-0.833753
-0.205788
-0.825560
-0.205692
-0.817440
-0.205593
-0.809383
-0.205493
-0.801379
-0.205391
-1.857585
1.896690
-1.765442
-0.063287
-1.769695
-0.066142
-1.774153
-0.068903
-1.778794
-0.071577
-1.783597
-0.074168
-1.788543
-0.076681
-1.793611
-0.079120
-1.798781
-0.081491
-1.804034
-0.083796
1.849572
-1.886749
0.492768
-0.965807
-0.202876
-0.957527
-0.203033
-0.949371
-0.203180
-0.941327
-0.203316
-0.933384
-0.203443
-0.925531
-0.203562
-0.917756
-0.203672
-0.910049
-0.203775
-0.902398
-0.203872
-1.870128
1.907990
-1.798448
-0.008302
-1.803664
-0.011676
-1.809074
-0.014946
-1.814657
-0.018119
-1.820392
-0.021200
-1.826259
-0.024194
-1.832239
-0.027108
-1.838310
-0.029947
-1.844455
-0.032715
2.121568
-1.881642
0.484498
-0.958518
-0.206961
-0.950181
-0.207051
-0.941968
-0.207131
-0.933868
-0.207204
-0.925869
-0.207268
-0.917959
-0.207325
-0.910128
-0.207376
-0.902365
-0.207421
-0.894658
-0.207461
-1.866608
1.914476
-1.815698
-0.014765
-1.820736
-0.018192
-1.825973
-0.021512
-1.831388
-0.024731
-1.836959
-0.027855
-1.842666
-0.030891
-1.848489
-0.033843
-1.854407
-0.036717
-1.860402
-0.039517
2.062368
