 100
 3
 9
 1
 2
-1.000000
0.000000
0.000000
0.000000
0.000000
-1.000000
0.000000
0.000000
0.000000
-1.000000
-0.005000
0.000000
0.000000
0.348301
-0.933458
-0.009494
0.000000
0.002505
-0.993034
-0.008669
-0.000190
0.000000
0.577448
-0.875386
-0.019001
-0.000190
0.004205
-0.996716
-0.009349
-0.000095
-0.000000
0.638567
-0.871009
-0.019017
-0.000091
0.004611
-0.993523
-0.013704
-0.000190
-0.000001
0.934404
-0.808213
-0.028549
-0.000181
0.006757
-0.984413
-0.016803
-0.000476
-0.000003
1.120474
-0.754102
-0.038214
-0.000440
0.008211
-0.987554
-0.017445
-0.000381
-0.000002
1.177016
-0.749589
-0.038167
-0.000352
0.008561
-0.981669
-0.021193
-0.000572
-0.000004
1.425250
-0.690513
-0.047792
-0.000522
0.010399
-0.970820
-0.023760
-0.000955
-0.000009
1.573553
-0.640112
-0.057655
-0.000848
0.011645
-0.973469
-0.024365
-0.000859
-0.000008
1.625206
-0.635587
-0.057553
-0.000767
0.011944
-0.965343
-0.027543
-0.001147
-0.000012
1.830611
-0.580157
-0.067320
-0.001011
0.013518
-0.953108
-0.029612
-0.001630
-0.000020
1.945951
-0.533225
-0.077418
-0.001402
0.014586
-0.955313
-0.030181
-0.001533
-0.000018
1.992639
-0.528781
-0.077267
-0.001326
0.014842
-0.945349
-0.032825
-0.001919
-0.000025
2.159813
-0.476884
-0.087220
-0.001641
0.016188
-0.932043
-0.034431
-0.002504
-0.000038
2.246523
-0.433191
-0.097584
-0.002094
0.017101
-0.933849
-0.034963
-0.002406
-0.000035
2.288340
-0.428895
-0.097391
-0.002022
0.017320
-0.922407
-0.037108
-0.002893
-0.000045
2.421644
-0.380390
-0.107567
-0.002403
0.018469
-0.908299
-0.038282
-0.003583
-0.000063
2.483621
-0.339716
-0.118227
-0.002917
0.019248
-0.909751
-0.038780
-0.003482
-0.000059
2.520775
-0.335611
-0.117995
-0.002848
0.019436
-0.897147
-0.040458
-0.004072
-0.000073
2.624287
-0.290340
-0.128428
-0.003293
0.020415
-0.882473
-0.041231
-0.004871
-0.000097
2.665019
-0.252476
-0.139408
-0.003867
0.021076
-0.883613
-0.041696
-0.004767
-0.000092
2.697790
-0.248591
-0.139144
-0.003800
0.021237
-0.870124
-0.042939
-0.005463
-0.000111
2.775279
-0.206381
-0.149863
-0.004307
0.022070
-0.855085
-0.043338
-0.006373
-0.000140
2.797871
-0.171133
-0.161187
-0.004937
0.022629
-0.855951
-0.043771
-0.006267
-0.000136
2.826584
-0.167482
-0.160892
-0.004873
0.022767
-0.841819
-0.044609
-0.007071
-0.000160
2.881492
-0.128157
-0.171925
-0.005438
0.023473
-0.826587
-0.044660
-0.008097
-0.000196
2.888694
-0.095341
-0.183612
-0.006121
0.023945
-0.827216
-0.045064
-0.007987
-0.000190
2.913696
-0.091929
-0.183290
-0.006060
0.024063
-0.812648
-0.045523
-0.008904
-0.000220
2.949138
-0.055312
-0.194660
-0.006681
0.024659
-0.797370
-0.045251
-0.010048
-0.000263
2.943368
-0.024760
-0.206728
-0.007414
0.025056
-0.797793
-0.045627
-0.009935
-0.000257
2.965008
-0.021583
-0.206383
-0.007356
0.025157
-0.782968
-0.045735
-0.010967
-0.000294
2.983777
0.012497
-0.218110
-0.008029
0.025659
-0.767768
-0.045161
-0.012233
-0.000344
2.967152
0.040941
-0.230575
-0.008806
0.025993
-0.768015
-0.045511
-0.012117
-0.000338
2.985774
0.043890
-0.230210
-0.008752
0.026078
-0.753086
-0.045292
-0.013268
-0.000381
2.990352
0.075599
-0.242312
-0.009473
0.026500
-0.738065
-0.044438
-0.014662
-0.000440
2.964713
0.102074
-0.255188
-0.010287
0.026780
-0.738161
-0.044764
-0.014542
-0.000432
2.980644
0.104809
-0.254804
-0.010238
0.026852
-0.723258
-0.044240
-0.015816
-0.000484
2.973223
0.134299
-0.267298
-0.011002
0.027206
-0.708503
-0.043126
-0.017340
-0.000550
2.940159
0.158932
-0.280596
-0.011844
0.027441
-0.708472
-0.043429
-0.017216
-0.000543
2.953707
0.161466
-0.280196
-0.011801
0.027501
-0.693703
-0.042622
-0.018617
-0.000602
2.936210
0.188883
-0.293096
-0.012600
0.027798
-0.679285
-0.041266
-0.020276
-0.000677
2.897086
0.211787
-0.306827
-0.013460
0.027995
-0.679146
-0.041548
-0.020148
-0.000669
2.908537
0.214136
-0.306412
-0.013426
0.028046
-0.664603
-0.040477
-0.021681
-0.000736
2.882636
0.239609
-0.319730
-0.014250
0.028294
-0.650578
-0.038897
-0.023479
-0.000819
2.838618
0.260886
-0.333902
-0.015115
0.028460
-0.650350
-0.039159
-0.023347
-0.000811
2.848232
0.263066
-0.333475
-0.015091
0.028502
-0.636109
-0.037843
-0.025015
-0.000887
2.815377
0.286715
-0.347222
-0.015930
0.028711
-0.622524
-0.036055
-0.026957
-0.000979
2.767452
0.306455
-0.361841
-0.016784
0.028851
-0.622221
-0.036298
-0.026821
-0.000971
2.775467
0.308481
-0.361404
-0.016772
0.028885
-0.608344
-0.034756
-0.028628
-0.001054
2.736902
0.330415
-0.375588
-0.017612
0.029061
-0.595238
-0.032775
-0.030719
-0.001155
2.685906
0.348699
-0.390659
-0.018437
0.029179
-0.594873
-0.033000
-0.030578
-0.001147
2.692535
0.350584
-0.390214
-0.018440
0.029208
-0.581410
-0.031247
-0.032529
-0.001239
2.649326
0.370901
-0.404842
-0.019264
0.029356
-0.568812
-0.029088
-0.034773
-0.001348
2.595955
0.387801
-0.420370
-0.020035
0.029457
-0.568396
-0.029297
-0.034628
-0.001339
2.601388
0.389560
-0.419919
-0.020057
0.029480
-0.555389
-0.027349
-0.036728
-0.001440
2.554443
0.408347
-0.434996
-0.020846
0.029605
-0.543321
-0.025025
-0.039129
-0.001556
2.499278
0.423931
-0.450984
-0.021536
0.029693
-0.542866
-0.025219
-0.038980
-0.001548
2.503685
0.425576
-0.450527
-0.021580
0.029712
-0.530347
-0.023091
-0.041232
-0.001655
2.453769
0.442914
-0.466058
-0.022310
0.029818
-0.518827
-0.020616
-0.043795
-0.001778
2.397290
0.457243
-0.482505
-0.022886
0.029894
-0.518339
-0.020794
-0.043642
-0.001770
2.400819
0.458783
-0.482045
-0.022957
0.029909
-0.506335
-0.018501
-0.046052
-0.001885
2.348578
0.474746
-0.498032
-0.023598
0.030000
-0.495376
-0.015887
-0.048782
-0.002013
2.291176
0.487880
-0.514938
-0.024021
0.030067
-0.494862
-0.016052
-0.048624
-0.002006
2.293960
0.489323
-0.514476
-0.024124
0.030080
-0.483392
-0.013605
-0.051196
-0.002127
2.239932
0.503983
-0.530919
-0.024644
0.030159
-0.473003
-0.010865
-0.054097
-0.002258
2.181928
0.515978
-0.548280
-0.024868
0.030218
-0.472469
-0.011016
-0.053934
-0.002252
2.184081
0.517332
-0.547818
-0.025009
0.030228
-0.461549
-0.008430
-0.056673
-0.002377
2.128714
0.530753
-0.564717
-0.025366
0.030297
-0.451736
-0.005575
-0.059750
-0.002509
2.070364
0.541669
-0.582526
-0.025336
0.030351
-0.451187
-0.005713
-0.059583
-0.002505
2.071987
0.542939
-0.582067
-0.025523
0.030359
-0.440827
-0.002998
-0.062493
-0.002633
2.015651
0.555188
-0.599417
-0.025670
0.030420
-0.431594
-0.000039
-0.065751
-0.002763
1.957161
0.565084
-0.617665
-0.025321
0.030469
-0.431034
-0.000165
-0.065579
-0.002761
1.958339
0.566273
-0.617211
-0.025562
0.030475
-0.421242
0.002666
-0.068665
-0.002889
1.901340
0.577415
-0.635005
-0.025443
0.030530
-0.412591
0.005721
-0.072107
-0.003014
1.842873
0.586357
-0.653676
-0.024699
0.030575
-0.412023
0.005605
-0.071930
-0.003014
1.843682
0.587465
-0.653232
-0.025003
0.030580
-0.402805
0.008543
-0.075196
-0.003139
1.786268
0.597569
-0.671458
-0.024551
0.030630
-0.394734
0.011682
-0.078827
-0.003255
1.727954
0.605626
-0.690532
-0.023323
0.030672
-0.394162
0.011578
-0.078646
-0.003258
1.728457
0.606654
-0.690102
-0.023702
0.030676
-0.385520
0.014611
-0.082097
-0.003377
1.670832
0.615790
-0.708744
-0.022838
0.030722
-0.378030
0.017827
-0.085920
-0.003478
1.612772
0.623039
-0.728190
-0.021019
0.030762
-0.377454
0.017732
-0.085735
-0.003485
1.613024
0.623985
-0.727781
-0.021487
0.030765
-0.369389
0.020852
-0.089374
-0.003593
1.555355
0.632230
-0.746814
-0.020118
0.030808
-0.362477
0.024137
-0.093393
-0.003673
1.497631
0.638756
-0.766590
-0.017584
0.030845
-0.361901
0.024052
-0.093204
-0.003684
1.497678
0.639616
-0.766211
-0.018156
0.030848
-0.354412
0.027250
-0.097035
-0.003775
1.440101
0.647053
-0.785602
-0.016174
0.030888
-0.348076
0.030597
-0.101254
-0.003826
1.382781
0.652951
-0.805647
-0.012778
0.030924
-0.347499
0.030520
-0.101061
-0.003844
1.382660
0.653718
-0.805312
-0.013474
0.030927
-0.340586
0.033788
-0.105088
-0.003911
1.325290
0.660438
-0.825012
-0.010751
0.030965
-0.334820
0.037191
-0.109509
-0.003924
1.268432
0.665815
-0.845243
-0.006324
0.030999
-0.334246
0.037122
-0.109312
-0.003949
1.268175
0.666482
-0.844967
-0.007164
0.031001
-0.327905
0.040454
-0.113537
-0.003984
1.211110
0.672582
-0.864910
-0.003550
0.031038
-0.322705
0.043909
-0.118161
-0.003948
1.154769
0.677558
-0.885211
0.002101
0.031071
-0.322133
0.043846
-0.117962
-0.003981
1.154400
0.678114
-0.885020
0.001094
0.031073
-0.316361
0.047237
-0.122387
-0.003975
1.097730
0.683703
-0.905112
0.005769
0.031108
-0.311723
0.050739
-0.127214
-0.003876
1.041964
0.688408
-0.925323
0.012859
0.031141
-0.311154
0.050682
-0.127013
-0.003919
1.041501
0.688842
-0.925248
0.011662
0.031142
-0.305947
0.054126
-0.131640
-0.003861
0.985307
0.694036
-0.945360
0.017590
0.031176
-0.301863
0.057674
-0.136668
-0.003684
0.930183
0.698614
-0.965262
0.026349
0.031207
-0.301300
0.057621
-0.136467
-0.003738
0.929636
0.698910
-0.965349
0.024943
0.031209
-0.296651
0.061115
-0.141293
-0.003614
0.874002
0.703834
-0.985303
0.032332
0.031241
-0.293116
0.064708
-0.146519
-0.003341
0.819600
0.708439
-1.004607
0.042987
0.031272
-0.292558
0.064659
-0.146319
-0.003410
0.818973
0.708582
-1.004912
0.041361
0.031273
-0.288463
0.068202
-0.151343
-0.003203
0.763988
0.713367
-1.024474
0.050425
0.031305
-0.285467
0.071840
-0.156759
-0.002815
0.710407
0.718159
-1.042807
0.063172
0.031334
-0.284915
0.071792
-0.156561
-0.002899
0.709696
0.718131
-1.043398
0.061331
0.031336
-0.281367
0.075383
-0.161778
-0.002593
0.655456
0.722911
-1.062265
0.072268
0.031366
-0.278903
0.079069
-0.167373
-0.002067
0.602821
0.728048
-1.079179
0.087226
0.031395
-0.278358
0.079022
-0.167181
-0.002170
0.602010
0.727834
-1.080131
0.085207
0.031396
-0.275348
0.082661
-0.172581
-0.001744
0.548622
0.732741
-1.097929
0.098165
0.031425
-0.273406
0.086399
-0.178338
-0.001059
0.497083
0.738366
-1.112933
0.115319
0.031453
-0.272869
0.086351
-0.178155
-0.001181
0.496150
0.737957
-1.114308
0.113201
0.031454
-0.270388
0.090040
-0.183727
-0.000615
0.443732
0.743116
-1.130613
0.128236
0.031482
-0.268956
0.093833
-0.189625
0.000252
0.393459
0.749344
-1.143239
0.147397
0.031508
-0.268428
0.093784
-0.189455
0.000108
0.392373
0.748743
-1.145066
0.145301
0.031510
-0.266466
0.097527
-0.195181
0.000835
0.341054
0.754265
-1.159449
0.162340
0.031537
-0.265531
0.101381
-0.201194
0.001902
0.292223
0.761167
-1.169350
0.183136
0.031561
-0.265013
0.101329
-0.201042
0.001738
0.290955
0.760393
-1.171593
0.181214
0.031563
-0.263558
0.105131
-0.206900
0.002644
0.240865
0.766367
-1.183682
0.200037
0.031589
-0.263105
0.109052
-0.213000
0.003926
0.193640
0.773964
-1.190714
0.221972
0.031612
-0.262600
0.108995
-0.212871
0.003743
0.192169
0.773054
-1.193264
0.220366
0.031613
-0.261639
0.112860
-0.218837
0.004845
0.143438
0.779546
-1.202818
0.240629
0.031638
-0.261653
0.116855
-0.224994
0.006352
0.097948
0.787814
-1.207067
0.263187
0.031659
-0.261160
0.116793
-0.224890
0.006153
0.096269
0.786816
-1.209759
0.261991
0.031661
-0.260679
0.120727
-0.230939
0.007463
0.049013
0.793862
-1.216701
0.283281
0.031684
-0.261142
0.124802
-0.237127
0.009199
0.005340
0.802745
-1.218434
0.306027
0.031704
-0.260664
0.124735
-0.237048
0.008989
0.003470
0.801714
-1.221092
0.305259
0.031706
-0.260647
0.128744
-0.243154
0.010515
-0.042216
0.809328
-1.225509
0.327171
0.031728
-0.261543
0.132904
-0.249348
0.012479
-0.084036
0.818756
-1.225085
0.349796
0.031746
-0.261080
0.132831
-0.249295
0.012262
-0.086066
0.817739
-1.227567
0.349411
0.031748
-0.261510
0.136920
-0.255433
0.014009
-0.130109
0.825916
-1.229667
0.371598
0.031768
-0.262821
0.141172
-0.261613
0.016199
-0.170083
0.835817
-1.227458
0.393924
0.031785
-0.262374
0.141093
-0.261585
0.015978
-0.172230
0.834854
-1.229675
0.393837
0.031787
-0.263235
0.145268
-0.267733
0.017947
-0.214584
0.843577
-1.229733
0.416039
0.031806
-0.264943
0.149616
-0.273883
0.020360
-0.252748
0.853893
-1.226076
0.437980
0.031822
-0.264513
0.149532
-0.273876
0.020138
-0.254964
0.853009
-1.227994
0.438103
0.031824
-0.265788
0.153797
-0.280016
0.022328
-0.295606
0.862252
-1.226305
0.460143
0.031841
-0.267875
0.158247
-0.286122
0.024960
-0.332012
0.872941
-1.221484
0.481675
0.031856
-0.267462
0.158157
-0.286134
0.024738
-0.334257
0.872145
-1.223106
0.481929
0.031858
-0.269133
0.162517
-0.292249
0.027148
-0.373184
0.881880
-1.219953
0.503702
0.031874
-0.271583
0.167073
-0.298302
0.029993
-0.407886
0.892914
-1.214202
0.524837
0.031888
-0.271187
0.166978
-0.298329
0.029774
-0.410129
0.892205
-1.215552
0.525161
0.031889
-0.273237
0.171439
-0.304407
0.032400
-0.447359
0.902403
-1.211191
0.546614
0.031905
-0.276032
0.176104
-0.310397
0.035455
-0.480409
0.913761
-1.204701
0.567382
0.031917
-0.275653
0.176004
-0.310437
0.035239
-0.482630
0.913136
-1.205811
0.567734
0.031919
-0.278066
0.180569
-0.316467
0.038078
-0.518193
0.923770
-1.200466
0.588853
0.031933
-0.281191
0.185348
-0.322389
0.041339
-0.549644
0.935432
-1.193393
0.609291
0.031945
-0.280828
0.185243
-0.322439
0.041127
-0.551832
0.934887
-1.194297
0.609642
0.031946
-0.283587
0.189918
-0.328411
0.044175
-0.585765
0.945934
-1.188157
0.630434
0.031959
-0.287025
0.194813
-0.334259
0.047639
-0.615671
0.957884
-1.180629
0.650585
0.031970
-0.286679
0.194704
-0.334318
0.047430
-0.617818
0.957415
-1.181359
0.650918
0.031972
-0.289768
0.199491
-0.340225
0.050685
-0.650168
0.968852
-1.174585
0.671406
0.031984
-0.293504
0.204507
-0.345997
0.054349
-0.678586
0.981076
-1.166711
0.691313
0.031995
-0.293174
0.204394
-0.346063
0.054143
-0.680685
0.980678
-1.167293
0.691616
0.031996
-0.296578
0.209297
-0.351899
0.057601
-0.711501
0.992487
-1.160022
0.711832
0.032007
-0.300597
0.214437
-0.357590
0.061463
-0.738488
1.004969
-1.151892
0.731535
0.032017
-0.300283
0.214320
-0.357661
0.061260
-0.740536
1.004641
-1.152350
0.731804
0.032018
-0.303986
0.219343
-0.363423
0.064920
-0.769871
1.016802
-1.144695
0.751782
0.032029
-0.308275
0.224609
-0.369032
0.068978
-0.795485
1.029528
-1.136388
0.771321
0.032038
-0.307975
0.224489
-0.369107
0.068778
-0.797480
1.029266
-1.136740
0.771553
0.032039
-0.311963
0.229635
-0.374791
0.072635
-0.825388
1.041763
-1.128800
0.791330
0.032050
-0.316508
0.235031
-0.380316
0.076889
-0.849687
1.054720
-1.120385
0.810742
0.032059
-0.316223
0.234907
-0.380394
0.076690
-0.851626
1.054522
-1.120646
0.810937
0.032059
-0.320481
0.240180
-0.385998
0.080745
-0.878164
1.067336
-1.112506
0.830550
0.032069
-0.325270
0.245709
-0.391438
0.085192
-0.901208
1.080511
-1.104044
0.849870
0.032078
-0.324999
0.245581
-0.391519
0.084995
-0.903090
1.080373
-1.104226
0.850028
0.032079
-0.329515
0.250983
-0.397040
0.089245
-0.928314
1.093488
-1.095958
0.869512
0.032088
-0.334535
0.256647
-0.402396
0.093885
-0.950160
1.106867
-1.087504
0.888773
0.032096
-0.334277
0.256516
-0.402478
0.093690
-0.951984
1.106787
-1.087617
0.888896
0.032097
-0.339037
0.262050
-0.407916
0.098135
-0.975951
1.120184
-1.079287
0.908285
0.032106
-0.344276
0.267852
-0.413188
0.102967
-0.996658
1.133753
-1.070893
0.927515
0.032113
-0.344031
0.267719
-0.413271
0.102773
-0.998422
1.133729
-1.070944
0.927605
0.032114
-0.349023
0.273387
-0.418626
0.107411
-1.021190
1.147390
-1.062610
0.946929
0.032122
-0.354470
0.279329
-0.423814
0.112435
-1.040814
1.161133
-1.054324
0.966155
0.032130
-0.354237
0.279193
-0.423897
0.112242
-1.042519
1.161163
-1.054318
0.966215
0.032130
-0.359450
0.284998
-0.429169
0.117073
-1.064142
1.175069
-1.046035
0.985504
0.032139
-0.365095
0.291082
-0.434275
0.122290
-1.082741
1.188971
-1.037901
1.004750
0.032146
-0.364874
0.290943
-0.434358
0.122097
-1.084385
1.189052
-1.037843
1.004781
0.032146
-0.370296
0.296888
-0.439547
0.127121
-1.104919
1.203183
-1.029659
1.024062
0.032154
-0.376128
0.303116
-0.444572
0.132530
-1.122547
1.217227
-1.021722
1.043349
0.032161
-0.375918
0.302975
-0.444655
0.132337
-1.124131
1.217357
-1.021615
1.043355
0.032162
-0.381539
0.309062
-0.449763
0.137554
-1.143631
1.231693
-1.013579
1.062651
0.032169
-0.387549
0.315435
-0.454710
0.143157
-1.160342
1.245860
-1.005880
1.081996
0.032176
-0.387350
0.315292
-0.454791
0.142964
-1.161866
1.246037
-1.005727
1.081979
0.032176
-0.393159
0.321522
-0.459820
0.148374
-1.180384
1.260556
-0.997882
1.101311
0.032184
-0.399339
0.328042
-0.464691
0.154170
-1.196230
1.274827
-0.990463
1.120730
0.032190
-0.399149
0.327897
-0.464771
0.153977
-1.197694
1.275050
-0.990265
1.120693
0.032191
-0.405138
0.334272
-0.469722
0.159581
-1.215283
1.289729
-0.982655
1.140078
0.032198
-0.411478
0.340941
-0.474521
0.165572
-1.230314
1.304083
-0.975558
1.159583
0.032204
-0.411298
0.340793
-0.474598
0.165378
-1.231719
1.304350
-0.975316
1.159530
0.032205
-0.417456
0.347315
-0.479475
0.171176
-1.248428
1.319165
-0.967984
1.178984
0.032212
-0.423949
0.354133
-0.484205
0.177363
-1.262693
1.333580
-0.961249
1.198583
0.032218
-0.423778
0.353984
-0.484279
0.177168
-1.264039
1.333889
-0.960965
1.198516
0.032218
-0.430098
0.360654
-0.489084
0.183161
-1.279918
1.348816
-0.953952
1.218050
0.032225
-0.436736
0.367622
-0.493748
0.189544
-1.293462
1.363269
-0.947619
1.237749
0.032231
-0.436573
0.367472
-0.493819
0.189349
-1.294750
1.363619
-0.947293
1.237671
0.032231
-0.443047
0.374290
-0.498556
0.195537
-1.309845
1.378632
-0.940641
1.257294
0.032238
-0.449823
0.381408
-0.503159
0.202118
-1.322714
1.393098
-0.934751
1.277093
0.032244
-0.449668
0.381257
-0.503227
0.201922
-1.323945
1.393488
-0.934383
1.277009
0.032244
-0.456288
0.388225
-0.507899
0.208307
-1.338300
1.408560
-0.928132
1.296725
0.032251
-0.463195
0.395494
-0.512446
0.215087
-1.350535
1.423013
-0.922724
1.316623
0.032256
-0.463047
0.395342
-0.512510
0.214890
-1.351710
1.423441
-0.922315
1.316535
0.032257
-0.469806
0.402459
-0.517121
0.221472
-1.365369
1.438544
-0.916506
1.336346
0.032263
-0.476838
0.409878
-0.521617
0.228451
-1.377009
1.452959
-0.911620
1.356336
0.032269
-0.476698
0.409726
-0.521676
0.228254
-1.378130
1.453424
-0.911171
1.356249
0.032269
-0.483588
0.416993
-0.526232
0.235035
-1.391132
1.468529
-0.905842
1.376151
0.032275
-0.490739
0.424562
-0.530682
0.242214
-1.402214
1.482877
-0.901517
1.396223
0.032281
-0.490606
0.424410
-0.530737
0.242015
-1.403282
1.483378
-0.901027
1.396140
0.032281
-0.497622
0.431827
-0.535242
0.248996
-1.415665
1.498455
-0.896218
1.416128
0.032287
-0.504886
0.439545
-0.539651
0.256377
-1.426223
1.512706
-0.892490
1.436267
0.032292
-0.504759
0.439393
-0.539701
0.256177
-1.427241
1.513243
-0.891961
1.436192
0.032293
-0.511896
0.446959
-0.544160
0.263358
-1.439040
1.528261
-0.887710
1.456255
0.032298
-0.519268
0.454826
-0.548535
0.270940
-1.449105
1.542387
-0.884614
1.476442
0.032304
-0.519147
0.454674
-0.548580
0.270740
-1.450074
1.542958
-0.884047
1.476380
0.032304
-0.526397
0.462389
-0.553000
0.278122
-1.461322
1.557886
-0.880390
1.496502
0.032310
-0.533873
0.470403
-0.557347
0.285906
-1.470923
1.571855
-0.877958
1.516714
0.032315
-0.533757
0.470252
-0.557386
0.285705
-1.471845
1.572460
-0.877356
1.516669
0.032315
-0.541117
0.478114
-0.561772
0.293288
-1.482572
1.587265
-0.874327
1.536832
0.032321
-0.548690
0.486272
-0.566099
0.301275
-1.491734
1.601045
-0.872589
1.557042
0.032326
-0.548581
0.486123
-0.566131
0.301073
-1.492611
1.601683
-0.871954
1.557018
0.032326
-0.556044
0.494131
-0.570491
0.308858
-1.502845
1.616333
-0.869585
1.577200
0.032332
-0.563711
0.502432
-0.574803
0.317047
-1.511589
1.629892
-0.868567
1.597376
0.032337
-0.563607
0.502284
-0.574829
0.316845
-1.512424
1.630562
-0.867900
1.597377
0.032337
-0.571169
0.510437
-0.579169
0.324832
-1.522190
1.645022
-0.866220
1.617550
0.032342
-0.578926
0.518879
-0.583474
0.333222
-1.530536
1.658328
-0.865945
1.637660
0.032347
-0.578826
0.518732
-0.583494
0.333021
-1.531331
1.659030
-0.865250
1.637689
0.032347
-0.586483
0.527028
-0.587820
0.341209
-1.540649
1.673266
-0.864284
1.657823
0.032353
-0.594326
0.535607
-0.592127
0.349800
-1.548614
1.686283
-0.864768
1.677829
0.032357
-0.594230
0.535463
-0.592139
0.349599
-1.549372
1.687017
-0.864050
1.677891
0.032358
-0.601977
0.543898
-0.596459
0.357988
-1.558262
1.700994
-0.863819
1.697953
0.032363
-0.609902
0.552613
-0.600775
0.366779
-1.565858
1.713690
-0.865075
1.717816
0.032367
-0.609811
0.552471
-0.600780
0.366578
-1.566582
1.714454
-0.864338
1.717912
0.032368
-0.617644
0.561043
-0.605101
0.375167
-1.575058
1.728138
-0.864859
1.737866
0.032373
-0.625646
0.569889
-0.609433
0.384156
-1.582296
1.740477
-0.866893
1.757545
0.032377
-0.625559
0.569750
-0.609431
0.383956
-1.582989
1.741271
-0.866142
1.757679
0.032377
-0.633474
0.578456
-0.613761
0.392744
-1.591065
1.754626
-0.867426
1.777486
0.032382
-0.641551
0.587430
-0.618118
0.401929
-1.597952
1.766575
-0.870241
1.796941
0.032387
-0.641468
0.587294
-0.618107
0.401730
-1.598616
1.767398
-0.869480
1.797114
0.032387
-0.649461
0.596131
-0.622455
0.410716
-1.606302
1.780388
-0.871534
1.816735
0.032392
-0.657608
0.605228
-0.626843
0.420094
-1.612842
1.791911
-0.875125
1.835924
0.032396
-0.657529
0.605095
-0.626825
0.419897
-1.613480
1.792763
-0.874360
1.836136
0.032396
-0.665596
0.614059
-0.631197
0.429078
-1.620784
1.805353
-0.877186
1.855531
0.032401
-0.673810
0.623275
-0.635625
0.438646
-1.626978
1.816415
-0.881544
1.874414
0.032405
-0.673735
0.623146
-0.635600
0.438451
-1.627593
1.817295
-0.880780
1.874666
0.032405
-0.681873
0.632233
-0.640004
0.447825
-1.634519
1.829448
-0.884373
1.893795
0.032410
-0.690149
0.641562
-0.644479
0.457581
-1.640366
1.840014
-0.889483
1.912332
0.032414
-0.690078
0.641438
-0.644446
0.457388
-1.640961
1.840923
-0.888726
1.912625
0.032414
-0.698283
0.650643
-0.648890
0.466951
-1.647510
1.852603
-0.893077
1.931448
0.032418
-0.706619
0.660081
-0.653420
0.476891
-1.653007
1.862638
-0.898921
1.949602
0.032422
-0.706552
0.659961
-0.653379
0.476702
-1.653585
1.863573
-0.898175
1.949934
0.032423
-0.714820
0.669279
-0.657870
0.486451
-1.659756
1.874745
-0.903271
1.968413
0.032427
-0.723211
0.678821
-0.662463
0.496571
-1.664895
1.884214
-0.909824
1.986151
0.032431
-0.723148
0.678706
-0.662414
0.496385
-1.665459
1.885175
-0.909095
1.986519
0.032431
-0.731475
0.688132
-0.666960
0.506317
-1.671249
1.895802
-0.914916
2.004619
0.032435
-0.739918
0.697770
-0.671622
0.516612
-1.676020
1.904670
-0.922153
2.021909
0.032439
-0.739858
0.697661
-0.671566
0.516429
-1.676574
1.905656
-0.921444
2.022312
0.032439
-0.748241
0.707189
-0.676173
0.526541
-1.681977
1.915701
-0.927968
2.039999
0.032443
-0.756732
0.716919
-0.680911
0.537006
-1.686369
1.923934
-0.935859
2.056813
0.032446
-0.756677
0.716815
-0.680848
0.536828
-1.686915
1.924944
-0.935174
2.057248
0.032447
-0.765111
0.726440
-0.685524
0.547114
-1.691922
1.934372
-0.942376
2.074492
0.032450
-0.773646
0.736253
-0.690344
0.557745
-1.695921
1.941934
-0.950889
2.090806
0.032454
-0.773594
0.736156
-0.690274
0.557571
-1.696462
1.942967
-0.950232
2.091270
0.032454
-0.782076
0.745871
-0.695025
0.568028
-1.701062
1.951740
-0.958082
2.108044
0.032458
-0.790651
0.755761
-0.699933
0.578820
-1.704651
1.958597
-0.967185
2.123837
0.032461
-0.790603
0.755670
-0.699857
0.578650
-1.705190
1.959653
-0.966557
2.124326
0.032461
-0.799129
0.765468
-0.704690
0.589272
-1.709369
1.967734
-0.975026
2.140605
0.032465
-0.807738
0.775428
-0.709692
0.600219
-1.712530
1.973851
-0.984684
2.155861
0.032468
-0.807695
0.775344
-0.709609
0.600055
-1.713069
1.974927
-0.984087
2.156372
0.032468
-0.816260
0.785219
-0.714529
0.610836
-1.716813
1.982281
-0.993143
2.172136
0.032472
-0.824901
0.795240
-0.719631
0.621934
-1.719523
1.987624
-1.003322
2.186841
0.032475
-0.824861
0.795163
-0.719542
0.621774
-1.720066
1.988718
-1.002758
2.187371
0.032475
-0.833462
0.805107
-0.724556
0.632711
-1.723355
1.995307
-1.012367
2.202602
0.032479
-0.842128
0.815182
-0.729762
0.643952
-1.725593
1.999842
-1.023035
2.216744
0.032482
-0.842093
0.815113
-0.729668
0.643798
-1.726142
2.000953
-1.022504
2.217290
0.032482
-0.850724
0.825118
-0.734780
0.654885
-1.728956
2.006739
-1.032634
2.231975
0.032485
-0.859411
0.835238
-0.740095
0.666265
-1.730695
2.010432
-1.043758
2.245546
0.032488
-0.859381
0.835177
-0.739996
0.666116
-1.731252
2.011557
-1.043259
2.246105
0.032488
-0.868037
0.845235
-0.745212
0.677347
-1.733569
2.016504
-1.053878
2.260232
0.032492
-0.876740
0.855392
-0.750641
0.688860
-1.734781
2.019320
-1.065426
2.273228
0.032495
-0.876715
0.855339
-0.750536
0.688717
-1.735350
2.020457
-1.064959
2.273796
0.032495
-0.885392
0.865441
-0.755861
0.700086
-1.737143
2.024526
-1.076035
2.287358
0.032498
-0.894104
0.875624
-0.761407
0.711726
-1.737800
2.026432
-1.087977
2.299774
0.032501
-0.894084
0.875580
-0.761298
0.711588
-1.738382
2.027578
-1.087541
2.300349
0.032501
-0.902776
0.885718
-0.766736
0.723090
-1.739624
2.030731
-1.099043
2.313339
0.032504
-0.911493
0.895919
-0.772403
0.734852
-1.739695
2.031695
-1.111351
2.325173
0.032507
-0.911479
0.895884
-0.772290
0.734720
-1.740291
2.032846
-1.110946
2.325753
0.032507
-0.920180
0.906048
-0.777844
0.746349
-1.740953
2.035044
-1.122844
2.338167
0.032510
-0.928895
0.916256
-0.783637
0.758226
-1.740402
2.035034
-1.135493
2.349421
0.032513
-0.928886
0.916231
-0.783519
0.758100
-1.741015
2.036185
-1.135116
2.350003
0.032513
-0.937591
0.926412
-0.789195
0.769850
-1.741064
2.037391
-1.147383
2.361839
0.032516
-0.946297
0.936617
-0.795116
0.781836
-1.739858
2.036374
-1.160348
2.372511
0.032518
-0.946295
0.936601
-0.794994
0.781716
-1.740488
2.037521
-1.159998
2.373096
0.032519
-0.954997
0.946788
-0.800794
0.793581
-1.739890
2.037695
-1.172609
2.384352
0.032521
-0.963688
0.956979
-0.806846
0.805672
-1.737991
2.035641
-1.185869
2.394444
0.032524
-0.963691
0.956974
-0.806721
0.805558
-1.738639
2.036779
-1.185543
2.395029
0.032524
-0.972385
0.967158
-0.812649
0.817533
-1.737356
2.035882
-1.198474
2.405705
0.032527
-0.981052
0.977324
-0.818835
0.829721
-1.734726
2.032761
-1.212009
2.415218
0.032530
-0.981063
0.977329
-0.818707
0.829613
-1.735393
2.033884
-1.211706
2.415803
0.032530
-0.989740
0.987499
-0.824766
0.841692
-1.733387
2.031877
-1.224935
2.425900
0.032533
-0.998377
0.997628
-0.831089
0.853973
-1.729986
2.027659
-1.238729
2.434834
0.032536
-0.998394
0.997644
-0.830957
0.853870
-1.730671
2.028760
-1.238446
2.435419
0.032536
